1
0000000000000000000
0000000000000000000
0120022210000000000
0012000010000000000
0001200000000000000
0000122000000000000
0011010000000000000
0000002100000000000
0000000000000000000
0000000000000000000
0000000000000000000
0000000000000000000
0000000000000000000
0000000000000000000
0000000000000000000
0000000000000000000
0000000000000000000
0000000000000000000
0000000000000000000

3
0000000000000000000
0000000000000000000
0120022210000000000
0012000010000000000
0001200000000000000
0000122000000000000
0011010000000000000
0000002100000000000
0000000000000000000
0000000000000000000
0000000000000000000
0000000000000000000
0000000000000000000
0000000000000000000
0000000000000000000
0000000000000000000
0000000000000000000
0000000000000000000
0000000000000000000
0000000000000000000
0000000000000000000
0001111111110000000
0011000010000000000
0001200000000000000
0000122000000000000
0011010000000000000
0000002100000000000
0000000000000000000
0000000000000000000
0000000000000000000
0000000000000000000
0000000000000000000
0000000000000000000
0000000000000000000
0000000000000000000
0000000000000000000
0000000000000000000
0000000000000000000
0000000000000000000
0000000000000000000
0001100000000000000
0011000010000000000
0011200000000000000
0010122000000000000
0011010000000000000
0010002100000000000
0000000000000000000
0000000000000000000
0000000000000000000
0000000000000000000
0000000000000000000
0000000000000000000
0000000000000000000
0000000000000000000
0000000000000000000
0000000000000000000
0000000000000000000
